Device opened 3
clock id is 161460705558499
Number of events to be requested: 100
2.000000000 
2.166260508 
2.364011752 
2.541442618 
2.674655625 
2.844408368 
3.025032965 
3.189786484 
3.344643583 
3.477512160 
3.658383793 
3.794273332 
3.999220942 
4.146774855 
4.260077234 
4.454604358 
4.661953281 
4.859275910 
5.066327421 
5.226083062 
5.406387649 
5.551180488 
5.689131236 
5.864886515 
6.018534631 
6.209121591 
6.381684975 
6.546500810 
6.698747841 
6.881780592 
7.063512027 
7.195164883 
7.380896832 
7.567539297 
7.687348719 
7.827191049 
7.996111068 
8.140615731 
8.313277774 
8.458364852 
8.659218215 
8.854189631 
9.023028960 
9.221129816 
9.347811489 
9.513174281 
9.667628439 
9.852188413 
10.048119447 
10.173575554 
10.332723525 
10.484134079 
10.606422710 
10.813656910 
10.961495526 
11.101495097 
11.241739088 
11.366554881 
11.493433254 
11.648261924 
11.842961424 
11.990651779 
12.142392442 
12.316896161 
12.462589544 
12.617472421 
12.743563178 
12.947275806 
13.103402322 
13.266704884 
13.447711131 
13.653795605 
13.806678397 
13.934087640 
14.088107845 
14.216447313 
14.421522992 
14.578516762 
14.777452420 
14.982080290 
15.120824016 
15.293746875 
15.407630707 
15.553303925 
15.728184129 
15.931261355 
16.082795985 
16.245706367 
16.441652132 
16.615066230 
16.765160700 
16.913135843 
17.098463899 
17.264786417 
17.393579671 
17.507933788 
17.655669002 
17.815235158 
17.943591527 
18.096244436 
